[] = 437,339
[] = 437,381,339
[] = 437,339,172
[] = 437,339,387
[] = 437,339,387,381
[] = 437,339,387,172
[] = 437,339,387,172,381
[] = 437,339,387,172,392
[] = 437,339,387,448,172
[] = 437,339,387,175,172
[] = 437,339,387,175,172,381
[] = 437,251,339,280,392
[] = 437,339,387,280,392
[] = 437,381,339,387,280,392
[] = 437,381,339,175,280,392
[] = 437,251,339,175,280,392
[] = 437,339,387,175,280,392
[] = 437,251,339,172,175,280,392
[] = 437,339,387,172,175,280,392
[] = 437,339,387,448,175,280,392
[] = 437,251,339,430,175,280,392
[] = 437,339,387,430,175,280,392
[] = 437,339,387,430,175,280,448
[] = 437,339,430,175,280,250
[] = 437,339,250,430,175,280,381
[] = 437,339,250,430,175,280,392
[] = 437,339,393,430,280,250
[] = 437,339,393,250,430,280,381
[] = 437,339,393,250,430,280,172
[] = 437,339,390,250,430,280,381
[] = 437,339,390,250,430,280,392
[] = 437,339,390,250,393,280,381
[] = 437,339,390,250,393,280,392
[] = 437,339,390,250,393,280,387
[] = 437,339,390,393,175,280,250
[] = 437,339,390,393,175,280,250
[] = 437,339,390,393,430,280,250