237
351
403
430
333
247
167
262
163
251
417
441
390
440
388
393
408
178
183
195
358
374
360
427
194
245
361
387
389
401
402
415
416
429
437
391
339
150
276
142
143
377
161
162
404
438
344
400
414
405
230
376
139
250
191
253
448
186
138
148
149
152
157
158
168
169
172
174
179
180
190
192
193
242
273
280
175
379
373
439
375
343
354
367
368
370
371
381
382
384
385
395
396
397
398
399
409
411
412
413
423
424
425
426
372
184
259
272
357
359
141